
95 7 55 34 8 0 30
97 7 56 59 8 1 36
99 7 58 5 8 1 39
101 7 59 29 8 4 17
102 8 0 28 8 5 56
103 8 1 49 8 6 37
105 8 4 18 8 6 51
107 8 6 9 8 10 57
111 8 9 39 8 12 43
112 8 10 42 8 13 30
113 8 11 26 8 15 43
114 8 11 52 8 17 13
116 8 13 13 8 17 38
118 8 15 4 8 18 4
119 8 15 57 8 20 39
121 8 17 1 8 20 40
122 8 17 28 8 22 17
125 8 19 40 8 24 51
129 8 23 6 8 25 54
130 8 24 20 8 29 40
136 8 27 38 8 31 42
137 8 28 43 8 33 27
138 8 28 49 8 34 10
142 8 30 53 8 34 26
144 8 31 56 8 35 0
145 8 32 11 8 35 40
147 8 33 51 8 39 22
149 8 35 45 8 41 11
151 8 38 1 8 43 42
153 8 39 51 8 44 23
155 8 41 17 8 45 42
158 8 42 14 8 45 53
159 8 42 37 8 47 47
161 8 44 4 8 49 1
165 8 48 23 8 50 44
166 8 49 22 8 52 29
167 8 50 32 8 55 22
168 8 51 12 8 56 5
172 8 54 39 8 56 53
173 8 54 42 8 57 42
175 8 56 39 9 1 51
177 8 58 1 9 2 27
181 9 2 7 9 6 1
182 9 2 53 9 7 29
183 9 3 59 9 8 42
186 9 5 4 9 8 57
189 9 6 26 9 10 4
190 9 6 46 9 10 10
192 9 8 7 9 11 25
194 9 9 4 9 13 12
197 9 10 42 9 13 38
199 9 12 43 9 14 44
200 9 15 26 9 19 11
205 9 18 17 9 20 39
207 9 18 45 9 23 31
208 9 19 49 9 24 48
213 9 23 59 9 26 28
214 9 24 0 9 28 6
217 9 25 53 9 28 43
219 9 26 37 9 29 24
223 9 28 46 9 33 14
224 9 29 43 9 34 13
226 9 31 30 9 35 55
231 9 34 13 9 38 50
233 9 35 55 9 39 28
234 9 36 8 9 39 44
236 9 37 44 9 41 36
237 9 39 5 9 41 52
238 9 39 51 9 43 46
241 9 43 56 9 48 8
242 9 44 36 9 48 47
243 9 45 52 9 49 46
246 9 48 45 9 50 1
247 9 49 12 9 54 9
249 9 51 40 9 55 39
252 9 55 30 9 58 1
253 9 56 5 10 0 22
254 9 57 25 10 1 15
256 9 59 8 10 4 22
261 10 1 40 10 6 41
267 10 4 59 10 9 30
270 10 7 50 10 10 48
271 10 8 46 10 13 37
276 10 11 53 10 16 18
279 10 14 28 10 19 2
280 10 15 27 10 20 10
281 10 16 33 10 21 18
283 10 17 36 10 22 37
285 10 20 5 10 25 45
289 10 23 5 10 25 47
290 10 23 7 10 26 55
292 10 24 14 10 28 45
299 10 26 52 10 30 20
301 10 28 43 10 31 25
303 10 30 6 10 35 31
307 10 33 49 10 38 18
308 10 34 54 10 40 0
311 10 38 41 10 40 28
313 10 40 1 10 42 59
314 10 40 47 10 45 6
316 10 42 19 10 45 50
317 10 42 23 10 46 17
319 10 43 42 10 48 0
320 10 44 5 10 48 7
322 10 46 23 10 49 4
323 10 46 46 10 51 12
325 10 47 5 10 51 44
326 10 48 19 10 52 15
328 10 49 32 10 54 0
333 10 52 31 10 54 53
334 10 53 29 10 56 1
335 10 53 34 10 56 4
336 10 54 4 10 59 34
340 10 56 43 11 1 46
341 10 57 26 11 2 44
345 11 0 30 11 3 17
346 11 0 52 11 5 29
349 11 2 44 11 5 40
351 11 4 19 11 8 54
353 11 6 25 11 9 50
354 11 7 24 11 12 25
358 11 10 52 11 14 29
359 11 12 4 11 15 15
360 11 13 22 11 15 52
361 11 13 54 11 18 59
366 11 17 17 11 19 37
367 11 17 47 11 20 27
371 11 19 42 11 24 19
373 11 20 13 11 24 48
375 11 21 49 11 25 14
376 11 22 58 11 26 52
377 11 24 7 11 29 18
379 11 25 34 11 30 6
382 11 28 19 11 32 32
383 11 28 48 11 33 36
385 11 31 5 11 36 4
388 11 32 48 11 37 5
390 11 35 12 11 38 57
392 11 36 10 11 41 13
401 11 39 49 11 43 50
403 11 41 18 11 44 0
405 11 42 23 11 45 48
406 11 42 31 11 47 27
408 11 44 38 11 47 51
409 11 45 11 11 48 54
411 11 47 48 11 51 36
412 11 48 50 11 52 18
414 11 50 24 11 53 12
415 11 50 36 11 53 34
416 11 50 36 11 54 26
418 11 51 14 11 55 25
419 11 51 58 11 55 37
420 11 52 48 11 57 10
421 11 52 50 11 57 43
422 11 53 14 11 58 37
424 11 54 50 12 0 22
427 11 57 30 12 2 29
431 11 59 25 12 3 46
95 7 55 34 8 0 30
97 7 56 59 8 1 36
99 7 58 5 8 1 39
101 7 59 29 8 4 17
102 8 0 28 8 5 56
103 8 1 49 8 6 37
105 8 4 18 8 6 51
107 8 6 9 8 10 57
111 8 9 39 8 12 43
112 8 10 42 8 13 30
113 8 11 26 8 15 43
114 8 11 52 8 17 13
116 8 13 13 8 17 38
118 8 15 4 8 18 4
119 8 15 57 8 20 39
121 8 17 1 8 20 40
122 8 17 28 8 22 17
125 8 19 40 8 24 51
129 8 23 6 8 25 54
130 8 24 20 8 29 40
136 8 27 38 8 31 42
137 8 28 43 8 33 27
138 8 28 49 8 34 10
142 8 30 53 8 34 26
144 8 31 56 8 35 0
145 8 32 11 8 35 40
147 8 33 51 8 39 22
149 8 35 45 8 41 11
151 8 38 1 8 43 42
153 8 39 51 8 44 23
155 8 41 17 8 45 42
158 8 42 14 8 45 53
159 8 42 37 8 47 47
161 8 44 4 8 49 1
165 8 48 23 8 50 44
166 8 49 22 8 52 29
167 8 50 32 8 55 22
168 8 51 12 8 56 5
172 8 54 39 8 56 53
173 8 54 42 8 57 42
175 8 56 39 9 1 51
177 8 58 1 9 2 27
181 9 2 7 9 6 1
182 9 2 53 9 7 29
183 9 3 59 9 8 42
186 9 5 4 9 8 57
189 9 6 26 9 10 4
190 9 6 46 9 10 10
192 9 8 7 9 11 25
194 9 9 4 9 13 12
197 9 10 42 9 13 38
199 9 12 43 9 14 44
200 9 15 26 9 19 11
205 9 18 17 9 20 39
207 9 18 45 9 23 31
208 9 19 49 9 24 48
213 9 23 59 9 26 28
214 9 24 0 9 28 6
217 9 25 53 9 28 43
219 9 26 37 9 29 24
223 9 28 46 9 33 14
224 9 29 43 9 34 13
226 9 31 30 9 35 55
231 9 34 13 9 38 50
233 9 35 55 9 39 28
234 9 36 8 9 39 44
236 9 37 44 9 41 36
237 9 39 5 9 41 52
238 9 39 51 9 43 46
241 9 43 56 9 48 8
242 9 44 36 9 48 47
243 9 45 52 9 49 46
246 9 48 45 9 50 1
247 9 49 12 9 54 9
249 9 51 40 9 55 39
252 9 55 30 9 58 1
253 9 56 5 10 0 22
254 9 57 25 10 1 15
256 9 59 8 10 4 22
261 10 1 40 10 6 41
267 10 4 59 10 9 30
270 10 7 50 10 10 48
271 10 8 46 10 13 37
276 10 11 53 10 16 18
279 10 14 28 10 19 2
280 10 15 27 10 20 10
281 10 16 33 10 21 18
283 10 17 36 10 22 37
285 10 20 5 10 25 45
289 10 23 5 10 25 47
290 10 23 7 10 26 55
292 10 24 14 10 28 45
299 10 26 52 10 30 20
301 10 28 43 10 31 25
303 10 30 6 10 35 31
307 10 33 49 10 38 18
308 10 34 54 10 40 0
311 10 38 41 10 40 28
313 10 40 1 10 42 59
314 10 40 47 10 45 6
316 10 42 19 10 45 50
317 10 42 23 10 46 17
319 10 43 42 10 48 0
320 10 44 5 10 48 7
322 10 46 23 10 49 4
323 10 46 46 10 51 12
325 10 47 5 10 51 44
326 10 48 19 10 52 15
328 10 49 32 10 54 0
333 10 52 31 10 54 53
334 10 53 29 10 56 1
335 10 53 34 10 56 4
336 10 54 4 10 59 34
340 10 56 43 11 1 46
341 10 57 26 11 2 44
345 11 0 30 11 3 17
346 11 0 52 11 5 29
349 11 2 44 11 5 40
351 11 4 19 11 8 54
353 11 6 25 11 9 50
354 11 7 24 11 12 25
358 11 10 52 11 14 29
359 11 12 4 11 15 15
360 11 13 22 11 15 52
361 11 13 54 11 18 59
366 11 17 17 11 19 37
367 11 17 47 11 20 27
371 11 19 42 11 24 19
373 11 20 13 11 24 48
375 11 21 49 11 25 14
376 11 22 58 11 26 52
377 11 24 7 11 29 18
379 11 25 34 11 30 6
382 11 28 19 11 32 32
383 11 28 48 11 33 36
385 11 31 5 11 36 4
388 11 32 48 11 37 5
390 11 35 12 11 38 57
392 11 36 10 11 41 13
401 11 39 49 11 43 50
403 11 41 18 11 44 0
405 11 42 23 11 45 48
406 11 42 31 11 47 27
408 11 44 38 11 47 51
409 11 45 11 11 48 54
411 11 47 48 11 51 36
412 11 48 50 11 52 18
414 11 50 24 11 53 12
415 11 50 36 11 53 34
416 11 50 36 11 54 26
418 11 51 14 11 55 25
419 11 51 58 11 55 37
420 11 52 48 11 57 10
421 11 52 50 11 57 43
422 11 53 14 11 58 37
424 11 54 50 12 0 22
427 11 57 30 12 2 29
431 11 59 25 12 3 46
95 7 55 34 8 0 30
97 7 56 59 8 1 36
99 7 58 5 8 1 39
101 7 59 29 8 4 17
102 8 0 28 8 5 56
103 8 1 49 8 6 37
105 8 4 18 8 6 51
107 8 6 9 8 10 57
111 8 9 39 8 12 43
112 8 10 42 8 13 30
113 8 11 26 8 15 43
114 8 11 52 8 17 13
116 8 13 13 8 17 38
118 8 15 4 8 18 4
119 8 15 57 8 20 39
121 8 17 1 8 20 40
122 8 17 28 8 22 17
125 8 19 40 8 24 51
129 8 23 6 8 25 54
130 8 24 20 8 29 40
136 8 27 38 8 31 42
137 8 28 43 8 33 27
138 8 28 49 8 34 10
142 8 30 53 8 34 26
144 8 31 56 8 35 0
145 8 32 11 8 35 40
147 8 33 51 8 39 22
149 8 35 45 8 41 11
151 8 38 1 8 43 42
153 8 39 51 8 44 23
155 8 41 17 8 45 42
158 8 42 14 8 45 53
159 8 42 37 8 47 47
161 8 44 4 8 49 1
165 8 48 23 8 50 44
166 8 49 22 8 52 29
167 8 50 32 8 55 22
168 8 51 12 8 56 5
172 8 54 39 8 56 53
173 8 54 42 8 57 42
175 8 56 39 9 1 51
177 8 58 1 9 2 27
181 9 2 7 9 6 1
182 9 2 53 9 7 29
183 9 3 59 9 8 42
186 9 5 4 9 8 57
189 9 6 26 9 10 4
190 9 6 46 9 10 10
192 9 8 7 9 11 25
194 9 9 4 9 13 12
197 9 10 42 9 13 38
199 9 12 43 9 14 44
200 9 15 26 9 19 11
205 9 18 17 9 20 39
207 9 18 45 9 23 31
208 9 19 49 9 24 48
213 9 23 59 9 26 28
214 9 24 0 9 28 6
217 9 25 53 9 28 43
219 9 26 37 9 29 24
223 9 28 46 9 33 14
224 9 29 43 9 34 13
226 9 31 30 9 35 55
231 9 34 13 9 38 50
233 9 35 55 9 39 28
234 9 36 8 9 39 44
236 9 37 44 9 41 36
237 9 39 5 9 41 52
238 9 39 51 9 43 46
241 9 43 56 9 48 8
242 9 44 36 9 48 47
243 9 45 52 9 49 46
246 9 48 45 9 50 1
247 9 49 12 9 54 9
249 9 51 40 9 55 39
252 9 55 30 9 58 1
253 9 56 5 10 0 22
254 9 57 25 10 1 15
256 9 59 8 10 4 22
261 10 1 40 10 6 41
267 10 4 59 10 9 30
270 10 7 50 10 10 48
271 10 8 46 10 13 37
276 10 11 53 10 16 18
279 10 14 28 10 19 2
280 10 15 27 10 20 10
281 10 16 33 10 21 18
283 10 17 36 10 22 37
285 10 20 5 10 25 45
289 10 23 5 10 25 47
290 10 23 7 10 26 55
292 10 24 14 10 28 45
299 10 26 52 10 30 20
301 10 28 43 10 31 25
303 10 30 6 10 35 31
307 10 33 49 10 38 18
308 10 34 54 10 40 0
311 10 38 41 10 40 28
313 10 40 1 10 42 59
314 10 40 47 10 45 6
316 10 42 19 10 45 50
317 10 42 23 10 46 17
319 10 43 42 10 48 0
320 10 44 5 10 48 7
322 10 46 23 10 49 4
323 10 46 46 10 51 12
325 10 47 5 10 51 44
326 10 48 19 10 52 15
328 10 49 32 10 54 0
333 10 52 31 10 54 53
334 10 53 29 10 56 1
335 10 53 34 10 56 4
336 10 54 4 10 59 34
340 10 56 43 11 1 46
341 10 57 26 11 2 44
345 11 0 30 11 3 17
346 11 0 52 11 5 29
349 11 2 44 11 5 40
351 11 4 19 11 8 54
353 11 6 25 11 9 50
354 11 7 24 11 12 25
358 11 10 52 11 14 29
359 11 12 4 11 15 15
360 11 13 22 11 15 52
361 11 13 54 11 18 59
366 11 17 17 11 19 37
367 11 17 47 11 20 27
371 11 19 42 11 24 19
373 11 20 13 11 24 48
375 11 21 49 11 25 14
376 11 22 58 11 26 52
377 11 24 7 11 29 18
379 11 25 34 11 30 6
382 11 28 19 11 32 32
383 11 28 48 11 33 36
385 11 31 5 11 36 4
388 11 32 48 11 37 5
390 11 35 12 11 38 57
392 11 36 10 11 41 13
401 11 39 49 11 43 50
403 11 41 18 11 44 0
405 11 42 23 11 45 48
406 11 42 31 11 47 27
408 11 44 38 11 47 51
409 11 45 11 11 48 54
411 11 47 48 11 51 36
412 11 48 50 11 52 18
414 11 50 24 11 53 12
415 11 50 36 11 53 34
416 11 50 36 11 54 26
418 11 51 14 11 55 25
419 11 51 58 11 55 37
420 11 52 48 11 57 10
421 11 52 50 11 57 43
422 11 53 14 11 58 37
424 11 54 50 12 0 22
427 11 57 30 12 2 29
431 11 59 25 12 3 46
